1185619968
1185669120
1185673216
1185677312
1185681408

1185718272
1185755136
1185759232
1185767424
1185771520

1185775616
1185779712
1185783808
1185787904
1185792000

1185796096
1185800192
1185804288
1185808384
1185845248

1185886208
1185890304
1185931264
1185939456
1185943552

1185947648
1185951744
1185955840
1185964032
1185972224

1185976320
1185980416
1185988608
1185992704
1186004992

1186009088
1186013184
1186017280
1186021376
1186033664

1186037760
1186041856
1186050048
1186066432
1186070528

1186074624
1186103296

1186107392
1186111488
1186127872
1186131968
1186136064
----------
1186140160
1186144256
1186148352
1186152448
1186156544

1186160640
1186164736
1186168832
1186172928
1186177024

1186222080
1186226176
1186230272
1186295808
1186299904

1186308096
1186312192
1186316288
1186320384
1186324480

1186353152
1186357248
1186361344
1186373632
1186377728

1186390016
1186394112
1186398208
1186402304
1186406400

1186410496
1186451456
1186455552
1186594816
1186598912

1186603008
1186648064
1186652160
1186656256
1186684928

1186689024
1186725888
1186738176
1186742272
1186746368

1186750464
1186754560
1186758656
1186775040
1186779136

1186787328
1186791424
1186795520
1186799616
1186803712

1186807808
1186811904
1186832384
1186836480
1186881536

1186885632
1186897920
1186902016
1186906112
1186910208

1186914304
1186918400
1186922496
1186926592
1186930688

1186955264
1186959360
1186963456
1186967552
1186971648

1186975744
1186979840
1186988032
1186992128
1186996224

1187008512
1187012608
1187024896
1187028992
1187033088

1187086336
1187090432
1187094528
1187098624
1187102720

1187106816
1187110912
1187115008
1187119104
1187131392

1187135488
1187151872
1187155968
1187160064
1187164160

1187168256
1187172352
1187176448
1187180544
1187184640

1187188736
1187192832
1187196928
1187201024
1187205120

1187209216
1187213312
1187217408
1187250176
1187254272

1187258368
1187262464
1187266560
1187270656
1187282944

1187287040
1187291136
1187315712
1187319808
1187323904

1187336192
1187340288
1187344384
1187373056
1187377152

1187381248
1187385344
1187389440
1187393536
1187397632

1187401728
1187405824
1187409920
1187414016
1187418112

1187426304
1187430400
1187434496
1187487744
1187500032

1187504128
1187508224
1187512320
1187532800
1187536896

1187540992
1187545088
1187549184
1187553280
1187557376

1187561472
1187565568
1187569664
1187573760
1187577856

1187586048
1187594240
1187610624
1187622912
1187635200

1187639296
1187643392
1187684352
1187688448
1187696640

1187700736
1187717120
1187725312
1187729408
-------------------
https://www.gw-openscience.org/archive/O2_4KHZ_R1/
https://www.gw-openscience.org/archive/links/O2_4KHZ_R1/V1/1164556817/1187733618/simple/
-------------------
https://www.mpa-garching.mpg.de/177514/Gravitational-Waveform-Catalog
